$ANSIBLE_VAULT;1.1;AES256
66613937313533353666653165363236343337643731333134386635313164386663616634376262
6639336466343061666461386338376165616164326664320a663536616239386264323336636463
36383835333835613130373663336166626265393332353562323863366639643937393730363563
6135656661386537360a613532656565666164303533313034656235363965383363313365623664
66613065666337373139356264666163613161666531366430636133303231306361616465373937
62316236353038653435633563393564333639656630386333623666393235623664316535623833
37356231333938343664306162636532663961323033356134333030383538346236343862353466
66633666643639336639643430386433353737396335316535366261376266393834663732656536
66626134626339376365656634363536336531653930393763653037663937616333353761393935
62613363396362303531343834663336346365626130316232333364626162323632323235313232
36633964313462666664313130333134303832646334663634623633303034623339646134313231
31666437623462363863633562646536366461376235376333356363353164363538346539366565
34306330373031633833373932336636643737653961356434393731336563366439303663313865
39373966653561336437333462656538656139303462373461666536343233616562393331666162
38356164383266646664366163396134373135306465646632353437313937316339393733643530
61326431623165303662383130363964323936333031616563363031383331383734613136656639
38346636623165393761336466303338396233396465383465333235666331323039613133346438
62303339336565646332356536366538633861373330353462383565383265353162623736376530
30626364323165306562396532373764633930356462376335643263663966623038623731643362
33346430313630396361356336643039323266313033643931646630633265323930313866333732
62393666363438626433393065336561353939336138333563353261306665313139323138663164
63633237653932326165393639623961653036383337323233623035313566386230393031626539
35646266326565663239313830633739323062333936613233363335613534313834363233633933
39636236356638366331613465353732353532643765373932616330653636383433376263656661
66653636333131323561663836666532653334613162376534343766336536663363366633663962
65326663306664353431303634373563636639656237623032343638646336313564623530376162
36636333366633313533656131333130336132323730346437366264663430303230613266623036
61356430386537386634653065623833623132306133303562363337373535653465663838646336
33623139633163343935616132393738306461313032373130353638386139303734623435646664
34303663393534646431383833376234326538646637626431316432363462336565636533363035
32646562626330333730663430353462666335373863373032633030663639366661663065623331
66363465313963343962343463363638653862363463643536626636343136666538623837656262
31383165366166613166656564323562646363363566663964633063653639326365306366353435
35353333316133316366653836646438643138343563616165373664396130316462663238623235
34653966376630333064323465616637303430313930303830646461623136303739643137653936
64303830613163326136643862326139663930323736383035393234393639646332303238343232
65306132353937373065346264643635303964633866366662366365626266363931363763363634
62613862323633356433336361343635633564386332396535343865666163393136376561393965
36313866356265376333306232653539633632396335353039396337383031303437646261636534
64306637356665663566396133323838643961313035333533323039643437353363613534386164
33313465643336386538653263323035333936363763613464363534303238313361316233633538
62613063353937616665356239666366623230613135626262386561333735306363666338363330
65376138323061316165653966353337646232306665613862346366356564303763363830383063
34613563343231323738653136663734653438336634636262373233396166353832373835336231
62333364653266396533383463393337656530383637386439326532353565653939313561363736
66633436333765616664346162376163366438663662333438656336653630316535313530636638
38383931646436353061623939353936333964646538366662643061386234643464636132613439
36623838666238303531393637343631613237323762383164303932396431663039383963386438
66306436333535653762373734613237326136373962643363373264383763653364653433623533
35313036373464663136376637376330386631363337353065396561383433306134306632333563
33303365643363653032363337626263646438353362313166366162636633323632343534306638
63313430356332636538356332636666333763346164613364386331336638626563353339346138
61363861653965373634623030643536333165626339653534373235313839373037336139323061
33626239633532343637646436326435303436386237353363316532366230366165363535656664
38333666313936666366643837643361376232353237346665313936306536626436626262366534
65616661313534383662643462393261666136373537353630623330636336656362303736313236
66303866353563323132393632653766616230383336343536643763343938303062313563353133
63376435643364373930613834353263623735636130653136373031343634366331623534333838
32313965613466333338633635646436373133316139613766353634336631633266643236616637
62666266633436613666663731326239663238663733633734623532623130356666376638373630
30633632343339353165656335663866333565336165636134323837316232396566356664353935
36373833313933363664663631643333343534653466663562633530396332346430376632313566
33323638303966653133643861393837333762313638356432366464393665656261646130366666
65353139636262323432393765376332636631373432306163633538356562323237343365326535
36353338333037303161346262373262393538323533656331333432313533623961656364633433
37313038333937333063656333306134323833313566336637626165346638313138353733376334
31616634613631616665663462666661663461313663643532353462656131653434343262303132
37656636643466653739386162626564356163326532643634303261643937393432393235633465
33386161616365636437343366643531386464626364326264653861313461666537353933643431
61643230643363386263643636386363616637323762303731303537393831623535636135366264
33356464643761353739316431653231646661623637303463313138656266623431346637623131
39653933366238393634343965636465316666373866343731363231326233616535666164646438
34363136663033623535653736363534363462343630646266366336613062343330613339633965
38616432656262643831326132613135666130633731336262373435643339663964363465666261
63643230383636336332326466333232316232353133666433366662336333306166333836333866
37666234326162346138623837653832623932623738303531643763326231363965316162663934
35336162316637353030393535343134393433356661396333616139656137376234383162333665
31313862636164346339383036663733306333346562656139623264343630303935373130356430
30393036636464393863373734323937623736353733616233346662633363326462303534623163
62336136623863646232353037623634636163353361663166643463383637326261343330393534
63633035393938666639353264623562396662636261303738653861616332386337363366316334
32646434663464383764666163636133333962363831633932323938376464383866613863356537
35303537366362306139326135376266646633646632656366643464343366376331376264333861
32343164613634613566646566363934626431353064623236623231363237366661356135306130
31383033626266336634316532306233343864613634343633633235383139646565386363383136
37373564646466386461303363643730656662626637626639643161316439343863393564643330
33656537633130353132313736613031313838663165386162383635343666333361336437333965
30653936323565363162333361626463356233376636623463646163653237333864383430333861
30393832613166353837353836306338313162333136316331336438323537323031653335663362
61663130666464666438633632353038373835633232616431333961323831386332373433343964
37313264373762383335653734396633353931666631653539636239666239386461303065393736
38656461343133353034306164646530333936356535363731313566343834393764663862383131
37633665636133613364393431633864643563303131333663396564623430616366316464363064
39353039656465326564666234363836646161303833656435346561626337333631353465613737
39313362333064383066393331353637373637353535353137306262353766383361616264613033
33656632376233376633303037376661623566346631646136656363646235626232643437653338
61666637623631326134646464613331373837636439343333303561643466326637353039396633
34613461356634313866646539356661363762616265623239393032393536383036313861303130
63633632353331303738643836626430343436376436303034623431626538373964313364393130
65303564346230373566306335363563346664666561353131343365666636666662393964333834
35646131353233323265353031313538333833366537336664643039343139623765356435646162
36643861303136623135643836616535393330303733306131616263323866333761353936666662
65326566353937616665656336373039616138366661646165373133313832346139383961336339
32323937623964393562373332326634623831623765666236323039343563383737383662633161
34336466646565353538616431623765386231393639663861646630663238336635383330636663
37653830346430316163613137653833353733653832313139356666386239343736303961316361
39613664386430636332613037373962393635323336393730383730343762653666303765663334
66306263623235396530316164666335616563323631356633333637386661333962326663323238
38613235373665336337373630663033623330366539633065656337643236663838363365343063
63373162626261343038636364343663376164663862663335396466663933626536393166363466
33653263393630393236636661333762303963633964363565643632613534636233343263396333
33313538663465646333373038636632333532626437363930626537336638623362643664383266
35653633316330396232653263653633316164366536613835363036356662653032323663666533
35313530643539623033643164346162643164346636346231613739373962383137323531336165
30373932623834613965626135663533656439346331323765333238366334663032333935353563
30346565383131393338356462393739356339353730343530336630313765313630396662613038
38643766633262623137303137313962363433353732636130323662333132336631663861653032
66373730343738333235306335376464356632346464343734636435623437623137643038373265
37336237383462613932323861623933346664663837343639373263663536343036666230626165
39613738303066643038
