$ANSIBLE_VAULT;1.1;AES256
66663461376533366333333932393338636663363731313237656439663431393138616265396231
3662303163613833303234336136653935396134656532340a653864393031626233663764613731
39323165656535616137363039646537383763663831313261613731393634356136336333313833
3735343938363230650a333833353630313161363130613761646365633461336530313035346633
39313431353264626134626335366163326332393335373134643031373638303432353339373932
32646564633138366565643730353762626230663735623438323661666530636338316564353931
32326666303939643831373336366565623462336431343031393761373462656335653733333661
65633932643830316331313931643039313566313661396461633264343838396264393534303130
63636365623037646539373462353539663263323666303065663066316261306632646136333134
66316635396261616461393363373563643663383266646230623633643762343365363238386138
65346662356530623431393663643737393139343733333135636234326364373264613762663236
64306636653061366638
